5
0
4
0
60
0
0
150,1
-0.13
0.09
-0.15
0.22
0.22
-0.02
0.11
0.04
-0.14
-0.14
0.22
-0.05
-0.15
-0.04
-0.04
-0.06
-0.18
0.20
0.01
0.01
0.16
0.43
-0.03
0.04
-0.04
0.04
-0.23
-0.20
0.03
-0.00
-0.01
-0.09
0.28
-0.19
-0.21
0.01
0.05
0.09
-0.10
-0.02
0.10
-0.03
0.00
-0.02
-0.10
-0.02
0.10
-0.03
0.00
-0.02
-0.16
0.03
-0.04
0.02
0.02
0.03
-0.00
-0.02
0.04
0.04
-0.04
-0.02
-0.09
0.00
0.00
0.02
0.04
0.00
0.08
0.08
0.02
0.04
0.00
0.08
0.08
0.06
-0.04
0.03
-0.03
-0.03
-0.04
0.15
0.06
-0.03
-0.03
0.03
0.07
0.02
-0.04
-0.04
-0.03
-0.03
-0.04
-0.02
-0.02
-0.03
-0.03
-0.04
-0.02
-0.02
0.36
-0.03
-0.08
-0.02
-0.02
-0.03
-0.02
-0.01
0.00
0.00
-0.06
-0.02
-0.09
0.01
0.01
-0.02
0.01
0.01
-0.02
-0.02
-0.02
0.01
0.01
-0.02
-0.02
-0.08
-0.00
0.04
-0.01
-0.01
0.01
-0.12
-0.06
-0.00
-0.00
0.03
-0.06
0.20
0.02
0.02
-0.00
0.00
0.01
0.00
0.00
-0.00
0.00
0.01
0.00
0.00
150,4
1,0,0,0
1,0,0,0
1,0,0,0
1,0,0,0
1,0,0,0
0,1,0,0
0,1,0,0
0,1,0,0
0,1,0,0
0,1,0,0
0,0,1,0
0,0,1,0
0,0,1,0
0,0,1,0
0,0,1,0
0,0,0,1
0,0,0,1
0,0,0,1
0,0,0,1
0,0,0,1
1,1,1,1
1,1,1,1
1,1,1,1
1,1,1,1
1,1,1,1
1,1,1,1
1,1,1,1
1,1,1,1
1,1,1,1
1,1,1,1
1,1,1,1
1,1,1,1
1,1,1,1
1,1,1,1
1,1,1,1
1,1,1,1
1,1,1,1
1,1,1,1
1,1,1,1
1,1,1,1
1,1,1,1
1,1,1,1
1,1,1,1
1,1,1,1
1,1,1,1
1,1,1,1
1,1,1,1
1,1,1,1
1,1,1,1
1,1,1,1
1,0,0,0
1,0,0,0
1,0,0,0
1,0,0,0
1,0,0,0
1,0,0,0
1,0,0,0
1,0,0,0
1,0,0,0
1,0,0,0
1,0,0,0
1,0,0,0
1,0,0,0
1,0,0,0
1,0,0,0
1,0,0,0
1,0,0,0
1,0,0,0
1,0,0,0
1,0,0,0
1,0,0,0
1,0,0,0
1,0,0,0
1,0,0,0
1,0,0,0
0,1,0,0
0,1,0,0
0,1,0,0
0,1,0,0
0,1,0,0
0,1,0,0
0,1,0,0
0,1,0,0
0,1,0,0
0,1,0,0
0,1,0,0
0,1,0,0
0,1,0,0
0,1,0,0
0,1,0,0
0,1,0,0
0,1,0,0
0,1,0,0
0,1,0,0
0,1,0,0
0,1,0,0
0,1,0,0
0,1,0,0
0,1,0,0
0,1,0,0
0,0,1,0
0,0,1,0
0,0,1,0
0,0,1,0
0,0,1,0
0,0,1,0
0,0,1,0
0,0,1,0
0,0,1,0
0,0,1,0
0,0,1,0
0,0,1,0
0,0,1,0
0,0,1,0
0,0,1,0
0,0,1,0
0,0,1,0
0,0,1,0
0,0,1,0
0,0,1,0
0,0,1,0
0,0,1,0
0,0,1,0
0,0,1,0
0,0,1,0
0,0,0,1
0,0,0,1
0,0,0,1
0,0,0,1
0,0,0,1
0,0,0,1
0,0,0,1
0,0,0,1
0,0,0,1
0,0,0,1
0,0,0,1
0,0,0,1
0,0,0,1
0,0,0,1
0,0,0,1
0,0,0,1
0,0,0,1
0,0,0,1
0,0,0,1
0,0,0,1
0,0,0,1
0,0,0,1
0,0,0,1
0,0,0,1
0,0,0,1
